2622
2844
707
166
2417
2113
2119
2165
1243
1384
948
3810
932
1468
2588
775
57
1207
2253
3093
596
1691
3008
3084
3919
2930
3895
2240
3727
1029
3483
1897
945
3773
1635
1334
1931
2241
210
2129
3717
1642
2
3987
3199
3705
1269
230
2133
2389
314
1857
2749
353
2635
2017
2668
365
141
3863
2679
1690
1671
2275
3282
971
2136
331
660
1101
3911
3604
1499
1385
1160
904
2217
3658
3852
3801
1880
2092
1253
2316
3267
2828
787
3843
991
2463
3837
3519
1047
3194
2866
1713
1305
834
2561
1007
2516
1811
3348
2141
915
1706
3069
2123
3329
2303
1297
2236
3841
103
2371
3030
1935
736
3811
444
3294
1772
2311
3355
1506
576
1215
2298
3784
2982
729
815
3731
341
114
1586
687
750
2711
3481
2830
1518
446
306
960
755
1117
2799
829
2511
1471
2443
3942
1641
3325
573
2768
123
2836
2762
2390
913
2174
2215
2479
2718
52
382
2099
754
2380
3616
3872
1418
3013
44
1930
2042
2274
92
2296
2493
1272
1324
39
2357
280
1563
3678
818
244
2155
89
3304
1970
1820
1703
2872
2404
1805
297
1847
1792
3789
3077
3922
3883
3655
2663
519
572
578
3961
3019
199
112
3388
3337
639
1665
1509
1952
502
151
145
848
918
1835
1107
2425
858
2335
2310
1501
1014
2910
3469
3695
3729
2962
1368
2597
322
357
1791
2771
2956
762
1051
3832
3456
2386
2497
2919
2469
1865
2691
2707
602
2541
1352
219
2194
1364
3588
3984
3347
374
3132
2373
3493
2789
2395
3603
2657
567
2900
232
1413
910
2897
3636
2803
828
885
1114
2501
2898
3125
946
1564
3412
2719
3997
3492
2043
1254
3914
85
1767
1289
3512
3998
1610
2660
2738
993
1996
1195
2629
2652
856
3916
3605
285
1411
2839
3903
465
3029
1913
326
2490
3643
3451
1430
3915
3260
3353
3827
2980
3220
2870
1312
2626
1876
1779
3534
2018
1054
286
3284
1911
27
2149
3419
2369
227
2147
1247
1822
3254
3794
1661
1354
2462
2786
442
649
2875
2023
737
3011
3594
1684
3866
3111
1367
2562
2855
339
454
1392
2654
2798
1175
1528
1859
276
443
515
530
3515
2449
1649
2019
3427
3088
2364
1448
2269
1401
1283
3662
2391
1381
1519
1653
1034
3400
957
758
362
670
3221
1896
1436
3246
1492
1939
3231
1562
3609
3148
183
3747
753
772
2108
1695
3490
1837
747
2074
3428
1437
3240
3907
466
3234
65
3746
2534
2896
2195
2804
203
3321
12
2305
470
3676
3363
3839
3081
2003
1153
3190
373
2945
3808
1891
171
133
811
571
3390
2903
411
1566
3645
2693
3576
1156
3500
3151
943
1090
2556
2485
3905
3405
370
2071
163
982
1673
866
2935
3163
1607
2022
1416
2142
3036
1764
641
3204
1242
2218
69
3476
3975
2775
381
1043
412
2703
998
1916
1775
1712
1784
3169
1183
279
2865
162
101
542
1170
3207
2089
313
53
2697
321
1971
3510
3302
1723
2558
579
2326
3584
3485
3650
369
177
2033
3713
2392
1088
2673
3815
2942
1200
2078
1502
2208
629
3736
3468
18
1507
2814
1686
842
1525
2746
167
447
320
2739
1535
2345
3446
3062
3
1538
969
3957
2172
1917
1736
21
2969
1948
1304
3186
3726
2247
2624
2073
717
2854
1145
1599
2715
836
2545
45
2082
1453
1727
1625
3323
82
2199
1833
2674
1130
3099
2858
1152
2598
692
514
2352
2076
1104
1740
1406
2907
1271
2091
1874
2633
3016
3649
696
3418
1022
1118
2466
1070
3981
1086
761
2372
2714
3229
3154
1967
3610
3415
2846
1694
634
1445
988
1573
239
3473
3292
489
3357
2731
3192
2522
78
342
3330
2974
1351
3698
1793
1796
3560
2436
14
1163
3414
1613
1955
2166
1918
3893
3526
2060
213
1660
3529
1046
2713
1193
1121
1554
3408
2639
2333
1097
372
1739
1524
585
3834
1579
396
3706
211
2220
3868
922
1986
627
789
2387
1824
1292
399
1979
1452
2001
2704
3795
683
1250
2659
2069
2244
3370
425
601
459
3424
1343
2032
1657
3378
3544
1631
1637
3026
400
1919
1885
1819
36
1039
877
3017
925
2279
2261
347
540
1288
3356
1485
1523
3157
749
2816
1715
3701
3778
1735
2453
1544
198
3920
3471
3397
516
1303
3182
2734
3262
2992
2213
2986
3690
1005
116
287
2834
1898
28
3792
757
1590
1861
3365
1697
3531
3145
3719
1083
3189
1777
3504
2153
3094
3273
1122
3579
1576
1786
1281
3161
3057
3373
3354
843
2850
2591
2894
1394
797
2592
1099
570
3937
1826
3122
2267
1188
2750
3624
